64358072461389
29551518412770
15993748479415
11785432073474
19037991004523
82121894559166
3073346949425
76267405590014
70301230626648
2457982297257
50033646607233
28049896082877
12610852811224
30093210198537
32553879360708
20635590916224
85337555212835
94883290912176
54018122661732
45376486992796
56711802597725
99795890990834
87334991384212
22791429744324
91251866351607
77662109472684
3071523453936
25154039898089
51793678502169
67201259617193
41220657810933
54495844917115
11583711346660
83653810826621
1502559744339
31189721981909
18701558165841
84529197008667
81357819126085
98282947630391
41645181435374
25865337337272
98030575573243
16855411944547
28390813412102
57687017269943
47566511946643
94519507738433
60953562879675
69124597272245
793951440886
83873966743637
51742143541998
72229136440198
58624849539268
25609784585552
88798511209881
60260777672854
62934169338919
57776394332840
21568752039752
68104923320232
50811230374462
7772829883383
82004062294994
67841095411139
84855257362655
79663179121908
53423021642860
29309628353038
85707289566337
78125735829637
99626098374434
94951657400154
94215901367296
93924408892408
58917957807365
27392936217698
51616659755306
38038889427952
15412537206636
81170932456455
48517401466906
14871044632885
94974609440924
22947391649676
11971564311077
93381604756872
22607721959229
89335686903160
63288927178050
86131182530370
52766721743035
96567689591348
39104238063329
80051323812264
58491451694771
35911152711354
84851977891158
79122300015196
30434930429102
63421489470131
42722337973219
46066503280500
64215558214065
47221033008646
41919237910330
34379442583560
75827064834390
67004644726095
91497698763430
28913156915945
59387946214178
47551961868342
21443862013844
45783191265661
14694949461801
2616664099512
17909053832017
20857804766519
77838493940070
80750493972914
75865126961231
25338597395683
76790373332026
35846891854312
55770324302894
63477370661771
4261126142068
16275565989502
65633558109159
87488405217261
99824849230601
67455047606740
44304118645993
74611562384434
62914973734125
68399088073822
43663616604280
86117281382223
48175084412710
41615221050156
33160235054405
16166515166025
15038186593807
47425531487871
34411639497739
45478567229150
85138746633614
40502556295850
68584129857097
62530176110168
48580918657484
72262930338722
57752149824289
88449371359062
81881220075759
4249388074648
88677800843128
82628092047390
13415962975844
67698982136831
4005809024415
28969876670421
32538430327980
72490393071627
27950397244845
45647586874908
13167104222288
90102629091192
82615459552665
96991207699938
75922746944881
1901971085398
79931295677282
21039759974728
80201750722741
64051635992300
86695645158070
10490958625348
46283225373608
78491829830928
37040449020727
87727662315164
11526315979866
43593513431723
35859304085811
14146301254790
69813039297590
15569226169497
40990260698954
28039882471963
9145362104032
81392961485457
11879476587054
72508357792867
58131960044096
8965801832306
34693306125382
86783176586276
9642659090485
64923662090902
89771966985275
31369819443060
43710790954845
1371683658551
95357112081415
30690642766064
78317649562375
87954322240920
69509258721793
95768799010369
37293820266878
15850557644078
61889000891928
16752427654147
21252458885077
53155030768989
95919189145423
21897178909890
83445628002630
97215256474037
21225123053666
96999558689964
51579765445729
96571014443178
42272991891391
69592269569680
62919798253877
74392354974858
2412717903040
75113277917940
77843887690838
96346888138211
99811838436486
13864218388838
32410333647361
6988219648016
41771264975278
3667097323356
1116654005369
30616386269729
56134747562738
25688872217172
25450533219487
16117258111686
47443570671241
79865576965800
21920279019697
48460240665206
60727900058253
12076786144484
28177610327732
87615805963471
48474813428785
84688936181270
83899366753971
64581213654573
34785072795520
18551468576485
89944485854003
15562271218687
72756226594135
75767241829809
12671514092223
88496203474203
68594594392675
35158185775962
21461984145892
16769531081810
30833895242469
17668339120947
9777842002006
81989854493840
43683817050923
53844484440012
84229643175722
67870101986744
41151427289679
39652607134283
14225710483447
10097284847541
5121941146726
57656544685860
65120297113517
32818963181576
85755423773496
98374729790336
20664712391322
37859060068915
5109378594205
11338488919383
22577363192260
53318722810952
56661185986085
25218559602982
627875578340
96860398635166
16939881151394
40424068150286
26341108543418
46828226972269
29192715977385
47643296315898
3869442638210
46642549397967
75701138546460
41075745066188
92859681402717
51866746997456
3911503447100
4257593645522
62839588015567
24945773457716
49087471556009
708178187597
48838469204475
59047202604628
7019870748295
65561077851346
12521439176844
24415345458181
1407230320991
31977301167419
19991552758219
87419268615090
10522158724421
51835591047228
88847486233168
25163106226797
83121716544416
8981773215022
51702243817620
61108686133000
17875017976050
33617932437237
66454908085725
18582523630318
13114802656337
56560069573157
32515096720161
68198764042321
69656516198375
50258633289671
96634526541272
65192076757513
46839418871321
74246084816213
82248984429868
55977463641831
30840239345656
20560411863197
30146479680613
3637662513262
50245562295537
26441759370718
88755647128718
51161286143681
39132076383
66325821900853
1696844437653
46666045658909
10074273543536
23274237399532
31051828254646
80894591076555
96893977785373
16386647457920
82501357258610
75719080298131
77944028559787
56526679474847
73341372346236
19874081714138
82319631072682
5676005279459
81798175144973
1398478668250
58735702190450
31096418798188
51416124016591
91167047341513
14894975345501
20373811073084
81011165657786
7200860125285
56782674220152
16048747866014
31117319240507
38181337424957
69369237329833
53153904510949
59886830930276
19390543890419
54906088402730
94553491139828
45699708560572
34329697873491
89641508814612
36471158546959
54625544660487
44100822409135
87303455586468
49555967374555
4233808161837
90455478114675
2150356386939
25781787206209
44513674312069
58637257316591
46257312300084
46740439764157
74060466994717
81531374313783
46054130507496
80372666975247
55197351868377
74943587357859
12125092553793
43963096951356
88934090233078
27436364824035
76972874500168
64259845635346
95142361097303
37231279520700
96605239405839
78133390150186
39488850409728
88632823839373
37206668997393
27141093145385
35861250899055
31515684220776
6641411712071
69578824726793
59218743931638
50039696204749
40460005649961
31668377783039
30794896998512
4702357638555
65333200709314
76791393465294
12579999693701
8973464999729
14518310307449
18850145631001
60861987765386
70025303819069
91356283518968
82229316937089
78406376407131
55798343951919
61945870181167
88384517856043
49440982960481
5104857673976
11080159523486
64706783354783
71948462635287
48266111266331
6251270592182
57316104939187
10518712151999
4963457883321
92685932802462
88848901343908
26785679055948
12963607644994
39502736261103
80980316850123
4160886115052
99130583451140
60540525670310
7369871695722
43266831900337
35695987083439
62096008255860
99585482889404
46236775134546
60665542403067
11848704741
75710974745912
69492658378952
17119939037939
86986410680629
39956318201723
34542159685615
29908081756160
33713654995611
34716978892399
90797019592653
10045363063537
32250975583488
97656372582900
9865633153921
8433313588774
2558774342223
41427201484575
51064122470342
35186970311706
80346208372750
31761467695685
34942316162169
22266856870958
50438139518483
24880525408124
50933743609397
27500568853598
8413149963547
91127322046681
96498601281381
97649696891664
91143647713399
36274462553679
86334131506952
72308326033326
27507654509833
46350288857161
97752569916048
90953805403839
1454395895163
57114397741179
29775180757362
1388104570103
1647414493265
11809874384104
97571539378220
2432862981058
778495135772
61804945012803
94001253506628
42267746038270
8283049950372
20436097456710
35186329798415
75945255001751
73487872375139
44537424523940
78070671901188
26823392166742
90156093394246
3626104204052
37111309121565
13537014066498
82926383525692
39746741363495
67271582179513
60256635589360
21287977824996
77741813193164
32378211367043
60176203057000
99708967951570
33881698722847
93374636196598
95166877740791
18438252057068
18563657076174
35331427901697
3592371139264
52759660594063
38337682912555
40425589187874
44211528144811
65905558975140
89125556037114
80907347755496
97578693113372
11112291340737
82344569547519
81919978975236
88495249504133
6123930257369
74790172595636
852914300503
18591869625868
89489482742038
5105630029483
39964317997014
9179427697159
40672883361379
54707269546416
92885192322248
81779608240472
16084982133091
52702666065771
87770058801845
91520140448605
17411332291831
25385851292542
14572211989530
48139341817674
8089621881468
17260532603000
12628178236467
99142683784052
15714458517484
60118315844472
85879940405701
56193531126364
66819422363584
43970104398479
34781506913734
29647748798196
78519836598972
22573828781390
89499667058312
98893891382535
94004994294719
64463189934226
67160994338935
37386979716679
47277363088659
3945382852818
993742698592
11917892990354
42949299453118
66641358481786
96636517006305
85120748333733
90854352715082
16413999329127
5723562961542
5139710162526
88807959055039
29998797172252
71721472825873
88065067986046
46551189800320
36012460502802
32569865778559
80216442318213
51792079359366
38277545781493
1218751157989
36156625399123
11695064466355
71879127763265
15932695584582
84494547186822
6791109250371
6914291044121
87652929981982
66792424911968
83209696759706
2894043638846
17304809840752
17524576983936
94797654620679
95430385910835
59392819246036
33865826942809
43584545684266
84608538135731
27809275174991
32189986865672
71361657425219
91852418853981
70132230534921
63657155551364
23676255157935
14172784948573
12154083364530
85454561790544
52243942594012
95271776174955
50135465740116
76831832615283
20248050554149
66701088096795
136331546777
46522191361388
46077117494902
12673013092230
84627125636243
36776991277158
33235349582082
28467446411372
92941666790545
6234932362811
6134819461847
40322963119768
81062968580152
96047842228878
17423883713149
74353687914705
58970722971329
99782833753139
64606021344001
96658261820628
20413534934698
94967527110237
15904825667753
40649631069053
50946631701708
85207012936495
3950374676154
49620611567243
60954203392365
11676176088306
96302696103094
56826652471435
50263550111822
3499879644141
39953116136484
59640988088133
35409043771404
26316777967551
6666650628186
83640987106485
38613631845934
51460620607739
31968633720706
88308830877919
76334686694238
43262127454419
83724145333652
62397086394715
68564633205717
78221126419484
94715397067179
4373017535022
38319635494231
95954045187366
40036469449467
52355572616053
4685816373093
56098688372140
60883210114776
94440098132764
73808316831920
66666770765749
91288912505143
20095541462114
12338447612641
76180401444329
46119925631811
67494908861082
22971813735914
25924629608011
9595769647095
15172193710742
60341897375723
65126909762548
23010443689755
47114907248912
80623285908614
985141806891
96017982732633
1793117325455
18031065993120
5111078821602
56921567093804
82279326967000
20149482525643
60863157972396
52470338617215
65521018317759
69603910843818
8066544972823
90515895309085
80917430748360
33041697164043
67900468966798
36821581909312
59971583102554
5781329090772
12609488553056
73077982197981
26749870799082
57568079563955
28905274311592
80227948414201
95500143380809
42369862991896
94253354958982
57261186113749
35268420645430
8638232977075
33076766662256
60882704339648
65133497260465
44590850952658
16839467726223
15302216805761
57471547536751
64207062882330
19211991748199
56216227788609
13174821904487
81653942554429
74556278367562
87021675550350
35281798389880
81403264576141
7574868545911
67761354706757
43056313996106
83282361490246
55782231286147
73452769274867
24091606680499
24215609583771
5855027845325
11229529306472
63394125897576
67189536042053
30060541440869
34273564574193
36395270201617
8487748356526
90662473255693
82385284863968
38750127625126
64059347971135
27281420803758
59192998188396
24028438924191
64783190089359
71111520850643
72473593961217
45749751020299
99234214028133
71660875191408
44653340433026
56733862445806
46456812877759
35015251303433
36570180398824
72496305173086
50108656789657
8852380883419
53324715153007
25506718472883
6380395304232
50358928689503
52174307041527
11889870798841
81226711594036
27746146153041
64616359664948
70181508754529
56793002912496
94911277091450
13718179677177
42753512156586
98409420696136
29951328878058
33237968982216
14157715854895
4005276507316
20380175156430
24405210694874
84208578687109
26140368101523
67786139815978
70242426430288
40448812511354
49127445053986
28587500725128
72701339563003
25405039093760
68169597086368
33063293617197
26647784473732
27311519804291
21568286721983
32390061631104
9923892598821
43127763172415
84135906714080
36322008743831
65484664565069
66720262209823
17323632028147
72614339509174
52238416240529
46664094222570
81980656964967
35512111825674
73587516465151
13034293363020
7278572500123
39674816926105
73770766030379
35142322007595
41462720224395
68094717615814
73692426747207
47657764244731
21606630297471
54682118533532
62865599037080
36158418845971
50281659769913
91770985514998
3747448251512
82111305036274
73861501411512
36350447487249
37944378985989
86305407645053
85587367416270
68468898863088
79515951603614
80990258146666
68331121064214
66928533128423
49428834281242
64536269696209
80290029610950
27282165546883
63165011545888
84614069068506
25770917097576
30038099005238
21501596433435
49088747098934
75034483553773
96905253802150
79476593895637
52771615724894
96484841926996
47699634437050
5538570116723
46981577919905
74328455791494
54127814257724
28650349937587
67970572038596
25778125019566
97066065006386
29805682873228
69140368512078
5413240821529
62610740713432
14077862836416
95958897102361
90029819702919
13005905799570
78210014315100
84213347352412
11693131377817
11244340915946
16859770374630
11533457976326
96936187175073
18813433260853
73629082657561
96796420049658
45508363509657
78253878571300
26417447477031
16008828846506
1723837008707
6225709866182
60480062589426
54796999202769
35755307052179
61507815936891
49092793727647
45114638268156
75293306654350
9431368124649
61555915590111
47805972971109
78799123975485
70627594574864
54160834759809
40151046694940
64864226210140
52310084631032
349012713374
12470061694305
33520988304425
19261030109975
52992575417379
23062943169867
36105959176476
24625758593900
68869073413438
41972629122459
78837139471160
86291593660258
77268420129498
52411155048117
98931386437446
42475477967339
46929931188684
93809205117570
3463190387270
84373250018473
38794630040893
39787536981170
72693620907458
96170276491861
8088340203408
64558651590864
